0.00000000
-0.00052532
-0.00000000
0.00059669
-0.00000000
-0.00072477
-0.00000000
0.00091582
0.00000000
-0.00117645
-0.00000000
0.00151377
-0.00000000
-0.00193563
-0.00000000
0.00245083
0.00000000
-0.00306960
-0.00000000
0.00380407
-0.00000000
-0.00466915
-0.00000000
0.00568365
0.00000000
-0.00687203
-0.00000000
0.00826710
-0.00000000
-0.00991411
-0.00000000
0.01187766
-0.00000000
-0.01425323
-0.00000000
0.01718817
-0.00000000
-0.02092181
-0.00000000
0.02586951
-0.00000000
-0.03281859
-0.00000000
0.04346019
-0.00000000
-0.06219739
-0.00000000
0.10518584
-0.00000000
-0.31786097
0.49974847
-0.31786097
-0.00000000
0.10518584
-0.00000000
-0.06219739
-0.00000000
0.04346019
-0.00000000
-0.03281859
-0.00000000
0.02586951
-0.00000000
-0.02092181
-0.00000000
0.01718817
-0.00000000
-0.01425323
-0.00000000
0.01187766
-0.00000000
-0.00991411
-0.00000000
0.00826710
-0.00000000
-0.00687203
0.00000000
0.00568365
-0.00000000
-0.00466915
-0.00000000
0.00380407
-0.00000000
-0.00306960
0.00000000
0.00245083
-0.00000000
-0.00193563
-0.00000000
0.00151377
-0.00000000
-0.00117645
0.00000000
0.00091582
-0.00000000
-0.00072477
-0.00000000
0.00059669
-0.00000000
-0.00052532
0.00000000
