-0.00098383
0.00520213
-0.00927255
0.00406067
0.00456432
-0.00114753
-0.00394519
-0.00196225
0.00179221
0.00362313
0.00194120
-0.00175913
-0.00413903
-0.00276811
0.00157506
0.00511024
0.00418459
-0.00106438
-0.00629463
-0.00628250
-0.00001783
0.00751218
0.00912418
0.00202611
-0.00849928
-0.01282161
-0.00540419
0.00889176
0.01752611
0.01078465
-0.00814493
-0.02351234
-0.01934655
0.00527191
0.03162476
0.03400711
0.00204596
-0.04493008
-0.06541907
-0.02345024
0.08234609
0.21038917
0.29756329
0.29756329
0.21038917
0.08234609
-0.02345024
-0.06541907
-0.04493008
0.00204596
0.03400711
0.03162476
0.00527191
-0.01934655
-0.02351234
-0.00814493
0.01078465
0.01752611
0.00889176
-0.00540419
-0.01282161
-0.00849928
0.00202611
0.00912418
0.00751218
-0.00001783
-0.00628250
-0.00629463
-0.00106438
0.00418459
0.00511024
0.00157506
-0.00276811
-0.00413903
-0.00175913
0.00194120
0.00362313
0.00179221
-0.00196225
-0.00394519
-0.00114753
0.00456432
0.00406067
-0.00927255
0.00520213
-0.00098383
