-0.000121750278
-0.000118327921
0.000091217680
0.000596395160
0.001220735661
0.001536398314
0.001116082184
-0.000069126917
-0.001421922516
-0.001961165311
-0.001015706926
0.001081848396
0.002928397709
0.002896034757
0.000451800106
-0.003055172998
-0.004991157386
-0.003311120735
0.001545599513
0.006359771967
0.007118100977
0.002182425794
-0.005744699972
-0.010814819675
-0.008149152344
0.001874710245
0.012697419561
0.015555595016
0.006196727086
-0.010563576822
-0.022650984461
-0.018870996408
0.001753512508
0.026625275986
0.036202894019
0.017736443837
-0.022733156387
-0.059354633569
-0.059354736509
-0.003395924406
0.099136176933
0.210625877620
0.282955839164
0.282955839164
0.210625877620
0.099136176933
-0.003395924406
-0.059354736509
-0.059354633569
-0.022733156387
0.017736443837
0.036202894019
0.026625275986
0.001753512508
-0.018870996408
-0.022650984461
-0.010563576822
0.006196727086
0.015555595016
0.012697419561
0.001874710245
-0.008149152344
-0.010814819675
-0.005744699972
0.002182425794
0.007118100977
0.006359771967
0.001545599513
-0.003311120735
-0.004991157386
-0.003055172998
0.000451800106
0.002896034757
0.002928397709
0.001081848396
-0.001015706926
-0.001961165311
-0.001421922516
-0.000069126917
0.001116082184
0.001536398314
0.001220735661
0.000596395160
0.000091217680
-0.000118327921
-0.000121750278
